price,volRemaining,typeID,range,orderID,volEntered,minVolume,bid,issueDate,duration,stationID,regionID,solarSystemID,jumps,
4419980.0,1000.0,44992,32767,5425062164,1000,1,False,2019-05-16 16:08:04.000,90,1028858195912,10000002,30000144,1,
4419988.87,1420.0,44992,32767,5425063588,3000,1,False,2019-05-16 16:05:03.000,90,1028858195912,10000002,30000144,1,
4419988.99,9519.0,44992,32767,5422576180,15110,1,False,2019-05-16 16:02:49.000,90,1028858195912,10000002,30000144,1,
4419999.0,2910.0,44992,32767,5424899537,2910,1,False,2019-05-16 16:02:38.000,90,1028858195912,10000002,30000144,1,
4420979.99,330.0,44992,32767,5425059513,330,1,False,2019-05-16 16:02:40.000,90,1030524644061,10000002,30000155,4,
4420986.99,400.0,44992,32767,5425065123,400,1,False,2019-05-16 16:07:50.000,90,60003760,10000002,30000142,0,
4420987.0,400.0,44992,32767,5425062730,900,1,False,2019-05-16 16:03:13.000,1,60003760,10000002,30000142,0,
4420988.0,2313.0,44992,32767,5424987696,2331,1,False,2019-05-16 16:01:06.000,90,1028858195912,10000002,30000144,1,
4420988.88,1690.0,44992,32767,5424890612,1690,1,False,2019-05-16 16:00:37.000,90,1030524644061,10000002,30000155,4,
4421039.99,877.0,44992,32767,5425036266,1000,1,False,2019-05-16 15:19:50.000,90,1028858195912,10000002,30000144,1,
4421149.0,6500.0,44992,32767,5424986973,6500,1,False,2019-05-16 15:05:02.000,90,1028858195912,10000002,30000144,1,
4421200.0,4345.0,44992,32767,5419677076,6060,1,False,2019-05-16 14:48:36.000,90,1028858195912,10000002,30000144,1,
4421200.0,6060.0,44992,32767,5424985905,6060,1,False,2019-05-16 14:48:41.000,90,1028858195912,10000002,30000144,1,
4421449.99,1000.0,44992,32767,5424885861,1000,1,False,2019-05-16 14:11:52.000,90,1028858195912,10000002,30000144,1,
4421668.99,999.0,44992,32767,5424926256,1500,1,False,2019-05-16 14:04:55.000,14,1028858195912,10000002,30000144,1,
4430990.0,1500.0,44992,32767,5424904482,3000,1,False,2019-05-16 11:30:37.000,90,1028858195912,10000002,30000144,1,
4432980.0,3000.0,44992,32767,5424917132,3000,1,False,2019-05-16 11:26:37.000,90,1028858195912,10000002,30000144,1,
4436000.0,450.0,44992,32767,5424906332,450,1,False,2019-05-16 10:46:29.000,90,1028858195912,10000002,30000144,1,
4439995.0,457.0,44992,32767,5424677479,500,1,False,2019-05-15 23:55:55.000,90,1028858195912,10000002,30000144,1,
4440000.0,228.0,44992,32767,5424913912,228,1,False,2019-05-16 11:15:44.000,90,1028858195912,10000002,30000144,1,
4447000.0,8500.0,44992,32767,5424937685,10000,1,False,2019-05-16 15:53:32.000,90,1028858195912,10000002,30000144,1,
4447000.0,10000.0,44992,32767,5424938543,10000,1,False,2019-05-16 15:53:43.000,90,1028858195912,10000002,30000144,1,
4447920.0,6354.0,44992,32767,5420645913,8181,1,False,2019-05-16 12:44:46.000,90,1028858195912,10000002,30000144,1,
4447949.99,3000.0,44992,32767,5424571115,3000,1,False,2019-05-16 12:06:39.000,90,1028858195912,10000002,30000144,1,
4447949.99,300.0,44992,32767,5424592366,300,1,False,2019-05-16 12:06:48.000,90,1028858195912,10000002,30000144,1,
4448000.0,1000.0,44992,32767,5424681014,1000,1,False,2019-05-15 23:51:16.000,90,1028858195912,10000002,30000144,1,
4449000.0,100.0,44992,32767,5420709842,100,1,False,2019-05-10 13:59:41.000,30,1028858195912,10000002,30000144,1,
4449999.99,1895.0,44992,32767,5420838878,1895,1,False,2019-05-10 17:14:03.000,90,1028858195912,10000002,30000144,1,
4450000.0,7808.0,44992,32767,5420341823,8300,1,False,2019-05-09 23:50:01.000,90,1028858195912,10000002,30000144,1,
4450000.0,139.0,44992,32767,5421590339,139,1,False,2019-05-11 15:47:13.000,90,1028858195912,10000002,30000144,1,
4455969.99,7749.0,44992,32767,5416378472,7749,1,False,2019-05-16 12:17:33.000,90,1028858195912,10000002,30000144,1,
4455970.0,10492.0,44992,32767,5419911723,10492,1,False,2019-05-16 10:34:12.000,90,1028858195912,10000002,30000144,1,
4455979.99,730.0,44992,32767,5424701045,730,1,False,2019-05-16 00:42:30.000,90,1028858195912,10000002,30000144,1,
4455980.0,12012.0,44992,32767,5419600848,12012,1,False,2019-05-09 09:39:28.000,90,1028858195912,10000002,30000144,1,
4458979.99,50.0,44992,32767,5419473043,50,1,False,2019-05-08 17:27:54.000,90,1028858195912,10000002,30000144,1,
4459000.0,9500.0,44992,32767,5419406046,10000,1,False,2019-05-08 15:43:28.000,90,1028858195912,10000002,30000144,1,
4466829.99,2157.0,44992,32767,5419272135,2737,1,False,2019-05-08 11:38:14.000,90,1028858195912,10000002,30000144,1,
4466829.99,2270.0,44992,32767,5419339256,2270,1,False,2019-05-08 13:47:19.000,90,1028858195912,10000002,30000144,1,
4466829.99,2177.0,44992,32767,5420125145,2177,1,False,2019-05-09 16:43:40.000,90,1028858195912,10000002,30000144,1,
4466829.99,14323.0,44992,32767,5420208752,14323,1,False,2019-05-09 18:53:50.000,90,1028858195912,10000002,30000144,1,
4466829.99,26281.0,44992,32767,5421113581,26281,1,False,2019-05-11 01:03:49.000,90,1028858195912,10000002,30000144,1,
4466829.99,1500.0,44992,32767,5424701185,1500,1,False,2019-05-16 00:42:55.000,90,1028858195912,10000002,30000144,1,
4470000.0,4500.0,44992,32767,5420643292,4500,1,False,2019-05-10 12:00:57.000,90,1030524644061,10000002,30000155,4,
4476999.99,204.0,44992,32767,5416151329,204,1,False,2019-05-04 03:25:45.000,90,1028858195912,10000002,30000144,1,
4490999.99,200.0,44992,32767,5425057442,200,1,False,2019-05-16 15:54:16.000,90,60003760,10000002,30000142,0,
4492599.96,819.0,44992,32767,5418186243,819,1,False,2019-05-08 02:15:30.000,90,1028858195912,10000002,30000144,1,
4499996.0,14440.0,44992,32767,5424184501,20000,1,False,2019-05-16 09:54:26.000,90,1030524644061,10000002,30000155,4,
4499997.95,10000.0,44992,32767,5415770257,10000,1,False,2019-05-15 22:30:39.000,90,1028858195912,10000002,30000144,1,
4499998.0,20000.0,44992,32767,5415663477,20000,1,False,2019-05-15 22:30:32.000,90,1028858195912,10000002,30000144,1,
4500000.0,20000.0,44992,32767,5419551969,20000,1,False,2019-05-08 19:31:38.000,90,1028858195912,10000002,30000144,1,
4510000.0,142.0,44992,32767,5422200713,142,1,False,2019-05-12 09:18:45.000,30,60003034,10000002,30000157,3,
4510809.99,937.0,44992,32767,5425056163,1100,1,False,2019-05-16 15:52:05.000,90,60003760,10000002,30000142,0,
4510810.0,1403.0,44992,32767,5424955112,4050,1,False,2019-05-16 14:02:22.000,90,60003760,10000002,30000142,0,
4510819.99,200.0,44992,32767,5424272679,200,1,False,2019-05-16 13:56:56.000,90,60003760,10000002,30000142,0,
4510839.01,1000.0,44992,32767,5416001519,1000,1,False,2019-05-16 13:37:37.000,90,60003760,10000002,30000142,0,
4510849.99,37.0,44992,32767,5424892188,150,1,False,2019-05-16 10:09:29.000,7,60003760,10000002,30000142,0,
4510870.1,835.0,44992,32767,5424831047,1250,1,False,2019-05-16 07:15:00.000,90,60003760,10000002,30000142,0,
4510878.99,10381.0,44992,32767,5424667378,15400,1,False,2019-05-15 23:12:51.000,90,60003760,10000002,30000142,0,
4510879.0,1896.0,44992,32767,5424539039,6500,1,False,2019-05-15 19:20:18.000,90,60003760,10000002,30000142,0,
4511000.0,118.0,44992,32767,5424313312,118,1,False,2019-05-15 13:08:22.000,90,60003760,10000002,30000142,0,
4513000.0,1800.0,44992,32767,5424290659,2300,1,False,2019-05-15 12:24:41.000,90,60003760,10000002,30000142,0,
4513999.99,500.0,44992,32767,5423985962,500,1,False,2019-05-14 22:27:26.000,90,60003760,10000002,30000142,0,
4514349.99,2430.0,44992,32767,5421855059,4781,1,False,2019-05-14 22:01:25.000,90,60003760,10000002,30000142,0,
4519000.0,500.0,44992,32767,5424781786,500,1,False,2019-05-16 04:42:18.000,7,60003760,10000002,30000142,0,
4520099.99,540.0,44992,32767,5415994164,2000,1,False,2019-05-06 18:20:11.000,90,1028858195912,10000002,30000144,1,
4521980.0,3138.0,44992,32767,5421901051,6060,1,False,2019-05-15 21:45:40.000,90,60003760,10000002,30000142,0,
4521999.0,1000.0,44992,32767,5422447108,1000,1,False,2019-05-12 15:19:00.000,90,60003760,10000002,30000142,0,
4522248.0,300.0,44992,32767,5421786573,300,1,False,2019-05-12 10:06:40.000,90,60003760,10000002,30000142,0,
4522946.98,2800.0,44992,32767,5420988125,2800,1,False,2019-05-12 06:41:58.000,90,60003760,10000002,30000142,0,
4522949.0,379.0,44992,32767,5422061060,379,1,False,2019-05-12 04:44:56.000,30,60003760,10000002,30000142,0,
4524847.0,2310.0,44992,32767,5415998297,5000,1,False,2019-05-04 06:06:30.000,90,1028858195912,10000002,30000144,1,
4524998.0,5300.0,44992,32767,5415998907,5800,1,False,2019-05-04 06:06:10.000,90,1028858195912,10000002,30000144,1,
4524998.0,3604.0,44992,32767,5415998505,5000,1,False,2019-05-04 06:06:21.000,90,1028858195912,10000002,30000144,1,
4529800.0,500.0,44992,32767,5424252591,500,1,False,2019-05-15 10:48:35.000,90,60003760,10000002,30000142,0,
4539980.0,6060.0,44992,32767,5420967062,6060,1,False,2019-05-10 20:21:51.000,90,60003760,10000002,30000142,0,
4546999.0,1000.0,44992,32767,5420760254,1000,1,False,2019-05-10 15:18:03.000,90,60003760,10000002,30000142,0,
4548050.0,2020.0,44992,32767,5415936836,2020,1,False,2019-05-03 19:47:57.000,90,1028858195912,10000002,30000144,1,
4548099.99,2500.0,44992,32767,5392514818,2500,1,False,2019-03-30 00:00:35.000,90,1028858195912,10000002,30000144,1,
4550000.0,4.0,44992,32767,5421295558,10,1,False,2019-05-11 07:55:31.000,7,60015027,10000002,30030141,4,
4556999.0,500.0,44992,32767,5420697187,500,1,False,2019-05-10 13:38:34.000,90,60003760,10000002,30000142,0,
4569980.0,2020.0,44992,32767,5420566183,2020,1,False,2019-05-10 12:07:36.000,90,60003760,10000002,30000142,0,
4577980.0,3030.0,44992,32767,5416735801,3030,1,False,2019-05-10 08:56:09.000,90,60003760,10000002,30000142,0,
4577999.99,1000.0,44992,32767,5420501421,1000,1,False,2019-05-10 05:59:10.000,90,60003760,10000002,30000142,0,
4587000.0,100.0,44992,32767,5416242307,600,1,False,2019-05-04 07:04:37.000,90,60003760,10000002,30000142,0,
4587030.01,500.0,44992,32767,5416660456,500,1,False,2019-05-04 18:22:46.000,90,60003760,10000002,30000142,0,
4589058.99,187.0,44992,32767,5416065861,1110,1,False,2019-05-03 23:51:17.000,90,60003760,10000002,30000142,0,
4589059.0,10.0,44992,32767,5416057468,10,1,False,2019-05-03 23:28:24.000,90,60003760,10000002,30000142,0,
4599999.99,1176.0,44992,32767,5415994816,1176,1,False,2019-05-08 02:15:41.000,90,1028858195912,10000002,30000144,1,
4600000.95,200.0,44992,32767,5419439743,200,1,False,2019-05-08 16:36:21.000,90,60004237,10000002,30000129,3,
4605000.0,240.0,44992,32767,5423633887,240,1,False,2019-05-14 10:32:07.000,30,60003760,10000002,30000142,0,
4644980.0,3030.0,44992,32767,5416220970,3030,1,False,2019-05-09 20:02:51.000,90,60003760,10000002,30000142,0,
4645103.0,939.0,44992,32767,5415915942,1100,1,False,2019-05-03 19:13:49.000,90,60003760,10000002,30000142,0,
4689980.0,1196.0,44992,32767,5415847482,1212,1,False,2019-05-09 20:03:01.000,90,60003760,10000002,30000142,0,
4689999.97,1000.0,44992,32767,5387344650,1000,1,False,2019-03-29 18:38:26.000,90,60003760,10000002,30000142,0,
4700000.0,250.0,44992,32767,5425023162,250,1,False,2019-05-16 14:56:09.000,90,60003760,10000002,30000142,0,
4749980.0,1212.0,44992,32767,5415847335,1212,1,False,2019-05-03 18:08:03.000,90,60003760,10000002,30000142,0,
4789880.0,6565.0,44992,32767,5415935203,6565,1,False,2019-05-03 19:45:09.000,90,60003760,10000002,30000142,0,
4789890.0,6060.0,44992,32767,5415641190,6060,1,False,2019-05-03 11:26:58.000,90,60003760,10000002,30000142,0,
4789890.0,3030.0,44992,32767,5416735636,3030,1,False,2019-05-09 20:03:14.000,90,60003760,10000002,30000142,0,
4789899.0,15483.0,44992,32767,5410592290,15483,1,False,2019-04-30 16:08:37.000,90,60003760,10000002,30000142,0,
4790000.0,10.0,44992,32767,5420552753,10,1,False,2019-05-10 08:24:30.000,90,60003760,10000002,30000142,0,
4799990.0,4040.0,44992,32767,5415936832,4040,1,False,2019-05-03 19:47:57.000,90,1028858195912,10000002,30000144,1,
4799999.0,3850.0,44992,32767,5387320391,3850,1,False,2019-03-21 18:23:19.000,90,1028858195912,10000002,30000144,1,
4802000.0,128.0,44992,32767,5371690284,128,1,False,2019-02-27 05:19:36.000,90,60003760,10000002,30000142,0,
4900000.0,500.0,44992,32767,5415774366,500,1,False,2019-05-16 05:35:26.000,30,1028858195912,10000002,30000144,1,
4998000.0,460.0,44992,32767,5385564242,500,1,False,2019-03-29 15:45:38.000,90,60003760,10000002,30000142,0,
4998000.0,500.0,44992,32767,5385564387,500,1,False,2019-03-29 15:45:46.000,90,60003760,10000002,30000142,0,
4998000.0,500.0,44992,32767,5385564496,500,1,False,2019-03-29 15:45:53.000,90,60003760,10000002,30000142,0,
4999886.56,6.0,44992,32767,5323499021,10,1,False,2019-04-17 16:58:28.000,90,60003469,10000002,30000142,0,
4999886.58,4.0,44992,32767,5284696113,7,1,False,2019-02-17 21:58:08.000,90,60003469,10000002,30000142,0,
4999990.0,8080.0,44992,32767,5413938650,8080,1,False,2019-05-02 16:49:26.000,90,1028858195912,10000002,30000144,1,
4999999.0,6000.0,44992,32767,5392598557,6000,1,False,2019-03-29 18:09:54.000,90,1028858195912,10000002,30000144,1,
4999999.99,1500.0,44992,32767,5410047421,1500,1,False,2019-04-26 21:56:09.000,90,1028858195912,10000002,30000144,1,
5000000.0,3900.0,44992,32767,5387353607,3900,1,False,2019-03-21 19:19:38.000,90,1028858195912,10000002,30000144,1,
5000000.0,1500.0,44992,32767,5387939390,1500,1,False,2019-03-22 18:10:44.000,90,60003760,10000002,30000142,0,
5000000.0,200.0,44992,32767,5394295264,200,1,False,2019-03-31 19:22:41.000,90,1028858195912,10000002,30000144,1,
5000000.0,2000.0,44992,32767,5394295265,2000,1,False,2019-03-31 19:22:41.000,90,1028858195912,10000002,30000144,1,
5000000.0,2000.0,44992,32767,5394295266,2000,1,False,2019-03-31 19:22:41.000,90,1028858195912,10000002,30000144,1,
5000000.0,2000.0,44992,32767,5394295267,2000,1,False,2019-03-31 19:22:41.000,90,1028858195912,10000002,30000144,1,
5000000.0,1000.0,44992,32767,5394295268,1000,1,False,2019-03-31 19:22:41.000,90,1028858195912,10000002,30000144,1,
5000000.0,1000.0,44992,32767,5394295269,1000,1,False,2019-03-31 19:22:41.000,90,1028858195912,10000002,30000144,1,
5000000.0,500.0,44992,32767,5415774621,500,1,False,2019-05-16 05:35:16.000,30,1028858195912,10000002,30000144,1,
5006040.1,25.0,44992,32767,5424875788,25,1,False,2019-05-16 09:24:05.000,1,60003760,10000002,30000142,0,
5100000.0,1000.0,44992,32767,5395147049,1000,1,False,2019-04-02 01:52:44.000,90,1028858195912,10000002,30000144,1,
5300000.0,425.0,44992,32767,5392514441,425,1,False,2019-03-29 15:46:25.000,90,60003760,10000002,30000142,0,
5300000.0,425.0,44992,32767,5392514600,425,1,False,2019-03-29 15:46:41.000,90,60003760,10000002,30000142,0,
5400420.0,1700.0,44992,32767,5386930829,1700,1,False,2019-03-30 20:40:59.000,90,1028858195912,10000002,30000144,1,
5800000.0,425.0,44992,32767,5392514717,425,1,False,2019-03-29 15:46:53.000,90,60003760,10000002,30000142,0,
5800000.0,425.0,44992,32767,5392514846,425,1,False,2019-03-29 15:47:05.000,90,60003760,10000002,30000142,0,
6000000.0,1502.0,44992,32767,5386973393,1502,1,False,2019-03-29 12:48:01.000,90,1028858195912,10000002,30000144,1,
6000000.0,1017.0,44992,32767,5389787395,1020,1,False,2019-03-29 12:48:34.000,90,1028858195912,10000002,30000144,1,
6000000.0,475.0,44992,32767,5389788931,1040,1,False,2019-03-29 12:48:55.000,90,1028858195912,10000002,30000144,1,
6500000.0,4.0,44992,32767,5424708999,4,1,False,2019-05-16 01:04:43.000,7,60003760,10000002,30000142,0,
8000000.0,15.0,44992,32767,5420453462,15,1,False,2019-05-10 03:43:26.000,7,60004459,10000002,30000180,6,
13100000.0,3.0,44992,32767,5418787864,3,1,False,2019-05-07 16:55:21.000,90,60012667,10000002,30000180,6,
38990000.0,1.0,44992,32767,5420843142,1,1,False,2019-05-11 17:32:38.000,14,60003760,10000002,30000142,0,
42470150.0,1.0,44992,32767,5414692231,1,1,False,2019-05-13 11:19:03.000,90,1028858195912,10000002,30000144,1,
42703500.06,10.0,44992,32767,5414690879,10,1,False,2019-05-01 21:48:51.000,90,60003760,10000002,30000142,0,
100000000.0,1.0,44992,32767,5412748891,1,1,False,2019-04-28 19:02:34.000,90,60003760,10000002,30000142,0,
450000000.0,1.0,44992,32767,5411147039,1,1,False,2019-04-26 15:26:58.000,90,60003760,10000002,30000142,0,
500000000.0,1.0,44992,32767,5401761580,1,1,False,2019-04-12 07:46:52.000,90,60003760,10000002,30000142,0,
1500000000.0,1.0,44992,32767,5387041116,1,1,False,2019-03-21 07:37:39.000,90,1028858195912,10000002,30000144,1,
1999999999.0,1.0,44992,32767,5397889126,1,1,False,2019-04-06 11:50:05.000,90,60003760,10000002,30000142,0,
2500000000.0,1.0,44992,32767,5397888302,1,1,False,2019-04-06 11:48:10.000,90,60003760,10000002,30000142,0,
2500000000.0,1.0,44992,32767,5397888451,1,1,False,2019-04-06 11:48:29.000,90,60003760,10000002,30000142,0,
2999999998.89,1.0,44992,32767,5385618277,1,1,False,2019-05-11 22:00:05.000,90,1028858195912,10000002,30000144,1,
2999999999.0,1.0,44992,32767,5380092110,1,1,False,2019-03-10 22:16:17.000,90,60003760,10000002,30000142,0,
3000000000.0,1.0,44992,32767,5397888798,1,1,False,2019-04-06 11:49:18.000,90,60003760,10000002,30000142,0,
3290513154.57,1.0,44992,32767,5373614147,1,1,False,2019-03-02 03:09:39.000,90,60003760,10000002,30000142,0,
3334120300.0,1.0,44992,32767,5397888054,1,1,False,2019-04-06 11:47:35.000,90,60003760,10000002,30000142,0,
3500000000.0,1.0,44992,32767,5397888996,1,1,False,2019-04-06 11:49:45.000,90,60003760,10000002,30000142,0,
4139999999.99,1.0,44992,32767,5397174893,1,1,False,2019-04-08 17:15:40.000,90,60003760,10000002,30000142,0,
4140000000.0,1.0,44992,32767,5405420705,1,1,False,2019-04-17 17:02:46.000,90,60003469,10000002,30000142,0,
4217000005.0,1.0,44992,32767,5415559447,1,1,False,2019-05-05 07:54:52.000,90,60003760,10000002,30000142,0,
4306000000.0,1.0,44992,32767,5387701238,1,1,False,2019-04-25 09:34:49.000,90,1028858195912,10000002,30000144,1,
4326000000.0,1.0,44992,32767,5387025778,1,1,False,2019-05-06 04:35:30.000,90,60003760,10000002,30000142,0,
4396120000.0,1.0,44992,32767,5387025962,1,1,False,2019-05-11 04:40:04.000,90,60003760,10000002,30000142,0,
4400000000.0,1.0,44992,32767,5411142114,1,1,False,2019-04-26 15:17:55.000,90,1028858195912,10000002,30000144,1,
4400000000.99,1.0,44992,32767,5415421080,1,1,False,2019-05-13 04:20:50.000,90,60003760,10000002,30000142,0,
4400000300.01,1.0,44992,32767,5415750271,1,1,False,2019-05-13 21:10:48.000,90,60003760,10000002,30000142,0,
4406161000.0,1.0,44992,32767,5420574424,1,1,False,2019-05-16 09:42:11.000,90,1030524644061,10000002,30000155,4,
4329400.0,190.0,44992,10,5425060644,500,1,True,2019-05-16 16:07:50.000,90,1030524644061,10000002,30000155,4,
4329328.88,350.0,44992,32767,5425060257,350,1,True,2019-05-16 16:08:50.000,3,1030524644061,10000002,30000155,4,
4329301.01,4358.0,44992,1,5425042484,8000,1,True,2019-05-16 16:05:34.000,90,1028858195912,10000002,30000144,1,
4329301.0,2196.0,44992,40,5425045720,3000,1,True,2019-05-16 16:05:18.000,90,1028858195912,10000002,30000144,1,
4329300.01,7990.0,44992,1,5425042411,8000,1,True,2019-05-16 16:03:25.000,90,1028858195912,10000002,30000144,1,
4329209.02,1000.0,44992,1,5425063949,1000,1,True,2019-05-16 16:05:44.000,90,1028858195912,10000002,30000144,1,
4329209.0,1000.0,44992,1,5425059755,1000,1,True,2019-05-16 16:03:24.000,90,1028858195912,10000002,30000144,1,
4329200.0,170.0,44992,40,5425062207,1500,1,True,2019-05-16 16:02:16.000,90,1028858195912,10000002,30000144,1,
4329188.88,1540.0,44992,40,5425062821,1540,1,True,2019-05-16 16:03:25.000,1,1030524644061,10000002,30000155,4,
4329091.01,189.0,44992,-1,5425054094,250,1,True,2019-05-16 16:02:26.000,30,1028858195912,10000002,30000144,1,
4329080.0,400.0,44992,32767,5425040733,500,1,True,2019-05-16 15:57:08.000,90,1028858195912,10000002,30000144,1,
4328955.95,1500.0,44992,-1,5425042947,1500,1,True,2019-05-16 15:46:33.000,30,60003760,10000002,30000142,0,
4328426.07,4900.0,44992,1,5424201050,8000,1,True,2019-05-16 15:36:07.000,90,1030524644061,10000002,30000155,4,
4328426.05,1955.0,44992,1,5424978478,8000,1,True,2019-05-16 15:35:55.000,90,1028858195912,10000002,30000144,1,
4328420.02,2240.0,44992,20,5425045162,2240,1,True,2019-05-16 15:34:52.000,90,1028858195912,10000002,30000144,1,
4328410.0,1072.0,44992,32767,5425017562,2900,1,True,2019-05-16 15:27:05.000,90,1028858195912,10000002,30000144,1,
4328400.11,10956.0,44992,32767,5425019156,15015,1,True,2019-05-16 14:49:02.000,90,1028858195912,10000002,30000144,1,
4328400.11,2240.0,44992,1,5425034960,2240,1,True,2019-05-16 15:17:37.000,90,1028858195912,10000002,30000144,1,
4328151.04,100.0,44992,-1,5425009264,100,1,True,2019-05-16 14:31:46.000,30,60003760,10000002,30000142,0,
4328061.0,119.0,44992,20,5424987372,119,1,True,2019-05-16 13:50:30.000,90,1028858195912,10000002,30000144,1,
4328051.04,1500.0,44992,-1,5424979114,1500,1,True,2019-05-16 13:34:33.000,90,1028858195912,10000002,30000144,1,
4328051.0,5000.0,44992,1,5424827319,5000,1,True,2019-05-16 13:31:44.000,90,1028858195912,10000002,30000144,1,
4328050.01,1120.0,44992,32767,5424977956,1120,1,True,2019-05-16 13:32:10.000,90,1028858195912,10000002,30000144,1,
4328011.0,500.0,44992,-1,5424958396,500,1,True,2019-05-16 12:52:24.000,90,60003760,10000002,30000142,0,
4328010.0,110.0,44992,40,5424826995,110,1,True,2019-05-16 07:03:29.000,90,60003760,10000002,30000142,0,
4328003.0,25.0,44992,-1,5424810497,25,1,True,2019-05-16 06:11:39.000,1,60003760,10000002,30000142,0,
4328001.11,3130.0,44992,40,5423743425,6000,1,True,2019-05-16 05:44:38.000,90,1028858195912,10000002,30000144,1,
4328001.0,65.0,44992,10,5424566726,5000,1,True,2019-05-16 05:11:44.000,90,60003760,10000002,30000142,0,
4327001.0,11200.0,44992,32767,5424737536,11200,1,True,2019-05-16 02:31:47.000,14,1028858195912,10000002,30000144,1,
4327001.0,250.0,44992,-1,5414142012,250,1,True,2019-05-16 03:13:17.000,90,60003760,10000002,30000142,0,
4327000.01,100.0,44992,-1,5424731078,100,1,True,2019-05-16 02:31:38.000,3,60003760,10000002,30000142,0,
4325000.01,2.0,44992,-1,5424740470,2,1,True,2019-05-16 02:36:02.000,90,1028858195912,10000002,30000144,1,
4324112.0,3727.0,44992,32767,5424673232,11200,1,True,2019-05-16 02:15:38.000,30,1028858195912,10000002,30000144,1,
4322006.02,367.0,44992,5,5423953397,5000,1,True,2019-05-16 00:01:48.000,90,1030524644061,10000002,30000155,4,
4322003.0,500.0,44992,20,5424675048,500,1,True,2019-05-15 23:56:11.000,90,1028858195912,10000002,30000144,1,
4322001.0,230.0,44992,20,5424676400,500,1,True,2019-05-15 23:54:11.000,90,1028858195912,10000002,30000144,1,
4322000.0,1544.0,44992,32767,5424111433,5600,1,True,2019-05-15 23:52:41.000,30,1028858195912,10000002,30000144,1,
4319120.01,570.0,44992,32767,5424675217,1120,1,True,2019-05-15 23:46:57.000,90,1028858195912,10000002,30000144,1,
4319120.01,720.0,44992,32767,5424665277,1120,1,True,2019-05-15 23:47:04.000,90,1028858195912,10000002,30000144,1,
4319010.37,15015.0,44992,32767,5424649416,15015,1,True,2019-05-16 12:44:10.000,90,1030524644061,10000002,30000155,4,
4319010.15,6250.0,44992,1,5424668837,6250,1,True,2019-05-15 23:15:42.000,90,1028858195912,10000002,30000144,1,
4319010.1,380.0,44992,10,5424668527,380,1,True,2019-05-15 23:15:14.000,90,1028858195912,10000002,30000144,1,
4319010.08,27.0,44992,40,5423499189,350,1,True,2019-05-15 23:14:50.000,90,1030524644061,10000002,30000155,4,
4319010.07,650.0,44992,40,5424668312,650,1,True,2019-05-15 23:14:40.000,90,1030524644061,10000002,30000155,4,
4318110.01,50.0,44992,-1,5423522093,50,1,True,2019-05-15 22:05:05.000,30,60003760,10000002,30000142,0,
4315500.0,5000.0,44992,-1,5424502345,5000,1,True,2019-05-15 18:24:09.000,90,1028858195912,10000002,30000144,1,
4314000.0,9.0,44992,-1,5424485038,109,1,True,2019-05-15 17:59:02.000,14,60003760,10000002,30000142,0,
4313205.14,11011.0,44992,32767,5424648512,11011,1,True,2019-05-15 22:27:25.000,90,1028858195912,10000002,30000144,1,
4313205.02,5000.0,44992,10,5424478520,5000,1,True,2019-05-15 17:50:34.000,30,1028858195912,10000002,30000144,1,
4312001.0,423.0,44992,40,5424425598,4500,1,True,2019-05-15 17:09:33.000,90,1028858195912,10000002,30000144,1,
4307050.39,500.0,44992,-1,5424389038,500,1,True,2019-05-15 15:24:59.000,90,1028858195912,10000002,30000144,1,
4307050.39,300.0,44992,-1,5424389181,300,1,True,2019-05-15 15:25:15.000,90,1028858195912,10000002,30000144,1,
4307050.01,260.0,44992,-1,5424355431,2000,1,True,2019-05-15 15:19:21.000,90,1028858195912,10000002,30000144,1,
4307002.52,500.0,44992,-1,5423654626,500,1,True,2019-05-15 16:10:58.000,90,60003760,10000002,30000142,0,
4306060.04,1.0,44992,-1,5424377402,1,1,True,2019-05-15 15:03:40.000,90,60003760,10000002,30000142,0,
4305070.0,10.0,44992,1,5424324356,10,1,True,2019-05-15 13:28:10.000,90,1028858195912,10000002,30000144,1,
4305001.3,15015.0,44992,32767,5424649441,15015,1,True,2019-05-15 22:29:39.000,90,1030524644061,10000002,30000155,4,
4300000.11,5782.0,44992,32767,5424299887,6060,1,True,2019-05-15 22:27:42.000,90,1028858195912,10000002,30000144,1,
4300000.0,2000.0,44992,40,5424391941,2000,1,True,2019-05-15 15:30:25.000,3,1028858195912,10000002,30000144,1,
4300000.0,5000.0,44992,3,5424722694,5000,1,True,2019-05-16 01:44:09.000,90,1028858195912,10000002,30000144,1,
4299301.01,4650.0,44992,5,5424175248,7500,1,True,2019-05-15 07:05:40.000,90,1030524644061,10000002,30000155,4,
4295906.03,1612.0,44992,32767,5423978066,3000,1,True,2019-05-14 22:37:13.000,30,1030524644061,10000002,30000155,4,
4291020.37,15105.0,44992,32767,5424649485,15105,1,True,2019-05-15 22:29:51.000,90,1030524644061,10000002,30000155,4,
4291020.0,3000.0,44992,32767,5423979408,3000,1,True,2019-05-14 23:13:57.000,30,1030524644061,10000002,30000155,4,
4291020.0,3000.0,44992,32767,5423978715,3000,1,True,2019-05-14 23:14:05.000,30,1030524644061,10000002,30000155,4,
4291020.0,5000.0,44992,32767,5424005824,5000,1,True,2019-05-14 23:14:21.000,30,1030524644061,10000002,30000155,4,
4290001.0,400.0,44992,-1,5424294073,400,1,True,2019-05-15 12:30:27.000,90,60003760,10000002,30000142,0,
4290000.0,50.0,44992,-1,5423984983,50,1,True,2019-05-14 22:25:05.000,90,60003760,10000002,30000142,0,
4290000.0,655.0,44992,32767,5424946229,655,1,True,2019-05-16 12:26:21.000,90,1028858195912,10000002,30000144,1,
4275300.2,1000.0,44992,20,5423595334,1000,1,True,2019-05-14 08:50:57.000,90,1030524644061,10000002,30000155,4,
4275002.02,500.0,44992,10,5423544130,500,1,True,2019-05-14 06:45:10.000,90,1030524644061,10000002,30000155,4,
4261102.0,5000.0,44992,1,5424204851,5000,1,True,2019-05-16 08:14:47.000,90,1028858195912,10000002,30000144,1,
4261101.2,11011.0,44992,32767,5424648656,11011,1,True,2019-05-15 22:27:48.000,90,1028858195912,10000002,30000144,1,
4261101.01,2000.0,44992,40,5422179039,2000,1,True,2019-05-15 21:03:04.000,90,1028858195912,10000002,30000144,1,
4261067.25,3954.0,44992,32767,5424209888,4360,1,True,2019-05-15 11:27:15.000,30,1028858195912,10000002,30000144,1,
4261015.19,6060.0,44992,32767,5423591428,6060,1,True,2019-05-14 08:41:27.000,90,1030553602778,10000002,30000145,1,
4260660.0,1040.0,44992,32767,5423123926,3000,1,True,2019-05-13 15:56:23.000,30,1030553602778,10000002,30000145,1,
4260000.01,10.0,44992,5,5423152428,10,1,True,2019-05-13 16:18:04.000,90,60000358,10000002,30000144,1,
4256130.0,12021.0,44992,32767,5424229592,12021,1,True,2019-05-15 22:27:56.000,90,1028858195912,10000002,30000144,1,
4256125.0,2744.0,44992,32767,5423706926,10000,1,True,2019-05-15 20:30:23.000,90,1028858195912,10000002,30000144,1,
4256096.0,200.0,44992,-1,5424109247,200,1,True,2019-05-15 03:58:13.000,14,1028858195912,10000002,30000144,1,
4256095.01,4500.0,44992,32767,5423955620,4500,1,True,2019-05-14 21:24:05.000,7,1028858195912,10000002,30000144,1,
4256070.0,11011.0,44992,32767,5423372925,11011,1,True,2019-05-14 16:12:59.000,90,1030553602778,10000002,30000145,1,
4256060.08,5000.0,44992,10,5423722060,5000,1,True,2019-05-14 14:53:05.000,30,1030553602778,10000002,30000145,1,
4256060.07,2815.0,44992,10,5423213360,5000,1,True,2019-05-14 14:52:41.000,30,1030553602778,10000002,30000145,1,
4256025.0,3025.0,44992,32767,5423108598,5000,1,True,2019-05-13 16:21:48.000,30,1030553602778,10000002,30000145,1,
4255060.0,4120.0,44992,3,5423103274,5000,1,True,2019-05-13 15:41:13.000,30,1030553602778,10000002,30000145,1,
4255000.05,10.0,44992,5,5423153376,10,1,True,2019-05-13 16:19:41.000,90,60000358,10000002,30000144,1,
4254060.0,70.0,44992,32767,5423093715,3000,1,True,2019-05-13 15:29:41.000,30,1030553602778,10000002,30000145,1,
4251701.0,15015.0,44992,32767,5423109405,15015,1,True,2019-05-14 08:41:00.000,90,1028858195912,10000002,30000144,1,
4251606.0,15015.0,44992,32767,5423183163,15015,1,True,2019-05-13 21:41:18.000,90,1030524644061,10000002,30000155,4,
4251177.01,760.0,44992,32767,5423097537,1120,1,True,2019-05-13 14:47:08.000,90,1030553602778,10000002,30000145,1,
4251160.09,1120.0,44992,32767,5423097286,1120,1,True,2019-05-13 14:46:43.000,90,1030553602778,10000002,30000145,1,
4250910.17,1200.0,44992,5,5424853348,1200,1,True,2019-05-16 08:22:37.000,90,1028858195912,10000002,30000144,1,
4250910.16,500.0,44992,5,5423246597,500,1,True,2019-05-16 06:15:51.000,90,1028858195912,10000002,30000144,1,
4250910.1,3000.0,44992,5,5423094699,3000,1,True,2019-05-16 06:15:46.000,90,1028858195912,10000002,30000144,1,
4247866.02,10.0,44992,-1,5423043434,10,1,True,2019-05-13 12:54:58.000,30,60003760,10000002,30000142,0,
4247505.01,10161.0,44992,-1,5422989077,11011,1,True,2019-05-13 11:42:04.000,90,1028858195912,10000002,30000144,1,
4227001.01,4050.0,44992,0,5424804777,4050,25,True,2019-05-16 05:53:26.000,30,60003760,10000002,30000142,0,
4217010.0,15015.0,44992,32767,5423109233,15015,1,True,2019-05-13 22:34:10.000,90,1030553602778,10000002,30000145,1,
4217010.0,11011.0,44992,32767,5423011178,11011,1,True,2019-05-13 22:34:18.000,90,1028858195912,10000002,30000144,1,
4216890.27,2566.0,44992,32767,5413756600,3000,1,True,2019-05-13 15:27:36.000,30,1028858195912,10000002,30000144,1,
4216060.0,2762.0,44992,32767,5413578259,11011,1,True,2019-05-02 04:54:56.000,90,1029792736908,10000002,30000137,5,
4215909.0,11011.0,44992,32767,5422964096,11011,1,True,2019-05-13 09:23:41.000,90,1028858195912,10000002,30000144,1,
4215890.72,1000.0,44992,1,5422103935,1000,1,True,2019-05-12 06:22:43.000,90,1028858195912,10000002,30000144,1,
4215890.72,4000.0,44992,32767,5422600366,4000,1,True,2019-05-12 19:31:19.000,90,1028858195912,10000002,30000144,1,
4208838.02,500.0,44992,-1,5413718241,500,1,True,2019-04-30 11:50:58.000,90,60003760,10000002,30000142,0,
4208070.02,500.0,44992,-1,5422995322,500,1,True,2019-05-13 10:49:09.000,90,1028858195912,10000002,30000144,1,
4208070.0,20801.0,44992,32767,5420706648,21021,1,True,2019-05-11 19:44:44.000,90,1030524644061,10000002,30000155,4,
4200200.18,3030.0,44992,32767,5422964133,3030,1,True,2019-05-13 09:23:47.000,90,1028858195912,10000002,30000144,1,
4200200.0,1000.0,44992,40,5420664033,1000,1,True,2019-05-10 12:39:28.000,90,1030524644061,10000002,30000155,4,
4200100.01,500.0,44992,40,5412942980,500,1,True,2019-05-03 09:37:41.000,90,1028858195912,10000002,30000144,1,
4200000.05,3030.0,44992,32767,5417102129,3030,1,True,2019-05-05 08:44:53.000,90,1030481476834,10000002,30000140,1,
4200000.0,330.0,44992,-1,5416226583,330,1,True,2019-05-04 06:29:00.000,90,1028858195912,10000002,30000144,1,
4200000.0,2000.0,44992,4,5417047947,2000,1,True,2019-05-05 07:05:16.000,90,1030481476834,10000002,30000140,1,
4200000.0,300.0,44992,-1,5422079816,300,1,True,2019-05-12 05:26:03.000,90,1028858195912,10000002,30000144,1,
4200000.0,100.0,44992,20,5405574059,100,1,True,2019-05-13 20:24:13.000,90,1028858195912,10000002,30000144,1,
4170000.0,500.0,44992,5,5423036912,500,1,True,2019-05-13 12:41:07.000,90,60003760,10000002,30000142,0,
4155111.85,1000.0,44992,1,5422669546,1000,1,True,2019-05-13 05:49:15.000,90,1028858195912,10000002,30000144,1,
4155000.0,1.0,44992,-1,5420229384,1,1,True,2019-05-09 19:27:26.000,90,60003760,10000002,30000142,0,
4152044.0,6000.0,44992,1,5423086642,6000,1,True,2019-05-13 14:17:59.000,90,1028858195912,10000002,30000144,1,
4152040.0,4050.0,44992,32767,5414932183,4050,1,True,2019-05-12 01:34:04.000,90,1028858195912,10000002,30000144,1,
4152030.0,11011.0,44992,32767,5413940274,11011,1,True,2019-05-11 22:45:00.000,90,1028858195912,10000002,30000144,1,
4152000.12,21021.0,44992,32767,5421983074,21021,1,True,2019-05-12 01:34:23.000,90,1028858195912,10000002,30000144,1,
4152000.01,30000.0,44992,32767,5408052347,30000,1,True,2019-05-10 18:29:51.000,90,1028858195912,10000002,30000144,1,
4152000.0,1000.0,44992,1,5415513950,1000,1,True,2019-05-03 06:12:29.000,90,1028858195912,10000002,30000144,1,
4150000.12,13013.0,44992,32767,5421983284,13013,1,True,2019-05-12 01:34:49.000,90,1030524644061,10000002,30000155,4,
4121000.0,500.0,44992,1,5413787517,500,1,True,2019-05-07 00:10:25.000,90,1028858195912,10000002,30000144,1,
4120040.0,15015.0,44992,32767,5415021788,15015,1,True,2019-05-03 19:50:24.000,90,1029792736908,10000002,30000137,5,
4120030.0,13013.0,44992,32767,5413612775,13013,1,True,2019-05-02 05:49:15.000,90,1029792736908,10000002,30000137,5,
4100000.0,500.0,44992,40,5416545950,500,1,True,2019-05-04 15:45:49.000,90,1028858195912,10000002,30000144,1,
4086066.0,1000.0,44992,10,5410721209,1000,1,True,2019-04-25 20:08:45.000,90,1028858195912,10000002,30000144,1,
4086031.03,13000.0,44992,1,5409349865,13000,1,True,2019-04-23 14:37:02.000,90,1028858195912,10000002,30000144,1,
4057081.11,5000.0,44992,1,5423097883,5000,1,True,2019-05-13 14:39:14.000,90,1028858195912,10000002,30000144,1,
4057081.02,12000.0,44992,1,5409350378,12000,1,True,2019-04-23 14:37:57.000,90,1028858195912,10000002,30000144,1,
4051000.0,1000.0,44992,1,5422632297,1000,1,True,2019-05-12 20:13:48.000,90,1028858195912,10000002,30000144,1,
4050003.87,3000.0,44992,-1,5403301061,3000,1,True,2019-05-12 12:12:04.000,90,60003760,10000002,30000142,0,
4050003.86,500.0,44992,-1,5412216897,500,1,True,2019-05-03 21:36:50.000,90,60003760,10000002,30000142,0,
4050001.1,250.0,44992,-1,5412995720,250,1,True,2019-04-29 04:18:35.000,90,60003760,10000002,30000142,0,
4040400.0,500.0,44992,3,5417328113,500,1,True,2019-05-05 14:45:16.000,90,60003760,10000002,30000142,0,
4000000.1,250.0,44992,2,5424990270,250,1,True,2019-05-16 13:57:12.000,90,1028858195912,10000002,30000144,1,
4000000.07,100.0,44992,-1,5412126997,100,1,True,2019-05-13 14:07:14.000,30,60003760,10000002,30000142,0,
4000000.06,1000.0,44992,10,5420063427,1000,1,True,2019-05-09 14:56:29.000,90,1028858195912,10000002,30000144,1,
4000000.05,6006.0,44992,32767,5417102237,6006,1,True,2019-05-05 08:45:09.000,90,1030481476834,10000002,30000140,1,
4000000.01,250.0,44992,2,5411209494,250,1,True,2019-04-26 17:22:48.000,90,60003760,10000002,30000142,0,
4000000.0,1000.0,44992,10,5406477068,1000,1,True,2019-04-19 11:53:00.000,90,60003760,10000002,30000142,0,
4000000.0,900.0,44992,-1,5406738664,900,1,True,2019-04-19 19:12:25.000,90,60003760,10000002,30000142,0,
4000000.0,1000.0,44992,40,5405728242,1000,1,True,2019-04-21 17:01:22.000,90,60003760,10000002,30000142,0,
4000000.0,2000.0,44992,5,5413333665,2000,1,True,2019-04-29 18:18:09.000,90,1028858195912,10000002,30000144,1,
4000000.0,4700.0,44992,-1,5413556634,4700,1,True,2019-04-30 03:03:00.000,90,60003760,10000002,30000142,0,
4000000.0,1000.0,44992,32767,5413874863,1000,1,True,2019-04-30 17:27:21.000,90,1028858195912,10000002,30000144,1,
4000000.0,250.0,44992,32767,5417013282,250,1,True,2019-05-05 05:47:51.000,90,60003685,10000002,30000148,6,
4000000.0,4000.0,44992,5,5417045862,4000,1,True,2019-05-05 06:59:51.000,90,1030481476834,10000002,30000140,1,
4000000.0,1000.0,44992,-1,5418442261,1000,1,True,2019-05-07 03:20:04.000,90,60003760,10000002,30000142,0,
4000000.0,5000.0,44992,-1,5418559855,5000,1,True,2019-05-07 09:10:41.000,90,1028858195912,10000002,30000144,1,
4000000.0,5000.0,44992,40,5419490051,5000,1,True,2019-05-08 17:55:57.000,90,1028858195912,10000002,30000144,1,
3999999.98,297.0,44992,1,5423006561,297,1,True,2019-05-13 19:07:05.000,90,1028858195912,10000002,30000144,1,
3981235.52,1225.0,44992,-1,5405455897,14000,1,True,2019-04-17 18:06:00.000,90,60003760,10000002,30000142,0,
3960100.04,100.0,44992,-1,5405437830,100,1,True,2019-04-17 17:34:17.000,90,1028858195912,10000002,30000144,1,
3950000.0,900.0,44992,40,5406240561,900,1,True,2019-04-19 00:58:48.000,30,60003760,10000002,30000142,0,
3925000.0,728.0,44992,1,5413000016,728,1,True,2019-04-29 04:33:30.000,90,1028858195912,10000002,30000144,1,
3920522.68,2500.0,44992,1,5412814496,2500,1,True,2019-04-28 20:39:05.000,90,1028858195912,10000002,30000144,1,
3903200.01,5000.0,44992,32767,5373696767,5000,1,True,2019-05-11 16:03:51.000,90,1028858195912,10000002,30000144,1,
3903200.0,6000.0,44992,1,5383203389,6000,1,True,2019-05-09 16:14:55.000,90,1028858195912,10000002,30000144,1,
3903171.0,1000.0,44992,1,5393521898,1000,1,True,2019-04-17 09:29:02.000,90,1028858195912,10000002,30000144,1,
3901001.01,250.0,44992,2,5384719135,250,1,True,2019-03-17 16:44:28.000,90,1028858195912,10000002,30000144,1,
3900202.01,700.0,44992,-1,5399225895,700,1,True,2019-05-11 20:05:31.000,90,60003760,10000002,30000142,0,
3900000.0,1.0,44992,-1,5386999445,1,1,True,2019-03-21 05:08:51.000,90,60004462,10000002,30000119,2,
3900000.0,47538.0,44992,32767,5414321104,51051,1,True,2019-05-01 19:03:08.000,90,1030182813667,10000002,30000138,1,
3900000.0,1.0,44992,40,5416620490,1,1,True,2019-05-04 17:29:57.000,90,1030481476834,10000002,30000140,1,
3900000.0,800.0,44992,-1,5421320015,800,1,True,2019-05-11 08:43:04.000,90,60003760,10000002,30000142,0,
3832253.25,32000.0,44992,32767,5416639886,32000,1,True,2019-05-04 17:57:39.000,90,1028858195912,10000002,30000144,1,
3802003.01,500.0,44992,32767,5381127625,500,1,True,2019-03-12 14:15:47.000,90,1028858195912,10000002,30000144,1,
3800010.01,500.0,44992,-1,5401634628,500,1,True,2019-05-11 20:05:56.000,90,60003760,10000002,30000142,0,
3800000.0,500.0,44992,-1,5388906985,500,1,True,2019-03-23 23:38:42.000,90,60003760,10000002,30000142,0,
3800000.0,12.0,44992,32767,5396717454,12,1,True,2019-04-07 06:17:40.000,90,60015027,10000002,30030141,4,
3800000.0,45.0,44992,32767,5391440020,45,4,True,2019-04-07 06:17:45.000,90,60015027,10000002,30030141,4,
3800000.0,100.0,44992,-1,5415251434,100,1,True,2019-05-02 19:38:15.000,90,60003760,10000002,30000142,0,
3707000.0,1515.0,44992,32767,5397481015,1515,1,True,2019-04-06 20:37:19.000,90,1028858195912,10000002,30000144,1,
3700000.0,500.0,44992,-1,5403008432,500,1,True,2019-04-13 23:32:37.000,90,60003760,10000002,30000142,0,
3693005.05,500.0,44992,1,5374726388,500,1,True,2019-03-03 12:42:40.000,90,1028858195912,10000002,30000144,1,
3672006.0,5.0,44992,-1,5368076306,5,1,True,2019-02-21 20:12:27.000,90,60003760,10000002,30000142,0,
3643007.01,1000.0,44992,32767,5398313901,1000,1,True,2019-04-06 22:08:06.000,90,1028858195912,10000002,30000144,1,
3643007.01,1000.0,44992,32767,5398313969,1000,1,True,2019-04-06 22:08:15.000,90,1028858195912,10000002,30000144,1,
3643006.01,16752.0,44992,1,5366552333,17000,1,True,2019-02-19 13:56:59.000,90,1028858195912,10000002,30000144,1,
3638001.01,16000.0,44992,1,5366552691,16000,1,True,2019-02-19 13:57:39.000,90,1028858195912,10000002,30000144,1,
3626021.01,15000.0,44992,1,5366552826,15000,1,True,2019-02-19 13:57:55.000,90,1028858195912,10000002,30000144,1,
3621001.01,15700.0,44992,32767,5363238629,15700,1,True,2019-02-17 10:06:31.000,90,1028858195912,10000002,30000144,1,
3620100.06,300.0,44992,-1,5364980069,300,1,True,2019-02-17 10:41:45.000,90,60003760,10000002,30000142,0,
3614199.99,1000.0,44992,3,5396791906,1000,1,True,2019-04-04 19:00:03.000,90,60003760,10000002,30000142,0,
3600000.0,102.0,44992,32767,5370590151,256,1,True,2019-02-25 14:59:17.000,90,1026221929523,10000002,30000189,11,
3600000.0,850.0,44992,32767,5398944165,850,1,True,2019-04-07 17:24:00.000,90,60003760,10000002,30000142,0,
3540000.0,713.0,44992,32767,5318307748,1000,1,True,2019-03-18 01:16:30.000,90,1022719559274,10000002,30000145,1,
3536003.02,50.0,44992,-1,5363843995,50,1,True,2019-02-15 23:35:08.000,90,60003760,10000002,30000142,0,
3516303.0,1000.0,44992,-1,5363427813,1000,1,True,2019-04-10 09:33:13.000,90,60003760,10000002,30000142,0,
3500000.0,102.0,44992,-1,5373104871,102,1,True,2019-03-01 10:59:05.000,90,60003760,10000002,30000142,0,
3500000.0,500.0,44992,-1,5411465444,500,1,True,2019-04-27 02:19:29.000,90,60003760,10000002,30000142,0,
3430000.0,110.0,44992,-1,5260348735,110,1,True,2019-03-01 18:09:06.000,90,60003760,10000002,30000142,0,
3428003.02,600.0,44992,-1,5401798028,600,1,True,2019-04-12 09:27:28.000,90,60003760,10000002,30000142,0,
3333000.0,1500.0,44992,32767,5417545045,1500,1,True,2019-05-05 19:23:19.000,90,1028858195912,10000002,30000144,1,
3255000.0,601.0,44992,1,5384367605,601,1,True,2019-03-17 07:24:15.000,90,1028858195912,10000002,30000144,1,
3150000.02,500.0,44992,-1,5332490621,500,1,True,2019-04-20 17:27:07.000,90,60003760,10000002,30000142,0,
3138000.02,2400.0,44992,-1,5401798556,2400,1,True,2019-04-12 09:29:14.000,90,60003760,10000002,30000142,0,
3138000.01,2500.0,44992,40,5350849861,2500,1,True,2019-03-09 08:11:10.000,90,60003760,10000002,30000142,0,
3100020.08,4910.0,44992,1,5304913247,5000,1,True,2019-04-27 19:34:30.000,90,1028858195912,10000002,30000144,1,
3100000.02,2000.0,44992,1,5319891350,2000,1,True,2019-05-05 10:59:36.000,90,1028858195912,10000002,30000144,1,
3100000.02,7500.0,44992,1,5323449535,7500,1,True,2019-05-05 10:59:42.000,90,1028858195912,10000002,30000144,1,
3100000.0,20000.0,44992,-1,5386780676,20000,1,True,2019-03-20 20:18:35.000,90,60003760,10000002,30000142,0,
3011503.02,650.0,44992,0,5345056691,650,1,True,2019-04-29 19:25:45.000,90,60003760,10000002,30000142,0,
3004002.0,1000.0,44992,1,5301329482,1000,1,True,2019-04-10 09:19:39.000,90,1028858195912,10000002,30000144,1,
3004001.01,2000.0,44992,1,5390066331,2000,10,True,2019-05-09 04:26:03.000,90,1022719559274,10000002,30000145,1,
3004001.0,2121.0,44992,32767,5388234027,2121,1,True,2019-03-29 21:20:39.000,90,1022719559274,10000002,30000145,1,
3000000.02,2000.0,44992,-1,5331783002,2000,1,True,2019-04-20 17:27:14.000,90,60003760,10000002,30000142,0,
3000000.0,2000.0,44992,-1,5385517706,2000,1,True,2019-03-18 19:47:29.000,90,60003760,10000002,30000142,0,
2876000.01,500.0,44992,32767,5387354720,500,1,True,2019-05-04 18:47:16.000,90,1028858195912,10000002,30000144,1,
2875004.0,358.0,44992,10,5247883813,5000,1,True,2019-04-09 17:47:44.000,90,1022719559274,10000002,30000145,1,
2760000.0,1000.0,44992,1,5275426417,1000,1,True,2019-03-31 14:56:56.000,90,60003760,10000002,30000142,0,
2500001.01,4800.0,44992,-1,5401800404,4800,1,True,2019-04-12 09:34:53.000,90,60003760,10000002,30000142,0,
1988888.88,6000.0,44992,-1,5401801822,6000,1,True,2019-04-12 09:38:35.000,90,60003760,10000002,30000142,0,
1000000.0,1000.0,44992,40,5387503029,1000,1,True,2019-03-21 23:50:15.000,90,60003760,10000002,30000142,0,
1000000.0,1000.0,44992,0,5395348160,1000,1,True,2019-04-02 12:09:06.000,90,60003760,10000002,30000142,0,
460249.89,500.0,44992,40,5396001741,500,1,True,2019-04-03 13:12:48.000,90,60003760,10000002,30000142,0,
449891.0,1500.0,44992,32767,5423751594,1500,1,True,2019-05-14 19:44:25.000,90,60003760,10000002,30000142,0,
432041.0,2000.0,44992,32767,5417517406,2000,1,True,2019-05-05 18:48:31.000,90,1028858195912,10000002,30000144,1,
429720.0,1.0,44992,-1,5413143420,1,10,True,2019-04-29 11:59:47.000,90,60003460,10000002,30000142,0,
420499.0,500.0,44992,-1,5390241009,500,1,True,2019-03-25 20:35:37.000,90,60003760,10000002,30000142,0,
399999.99,50.0,44992,-1,5401897525,50,1,True,2019-04-12 13:55:06.000,90,60004075,10000002,30000159,8,
377980.0,500.0,44992,10,5365530020,500,1,True,2019-02-17 23:45:10.000,90,60003760,10000002,30000142,0,
377222.35,100.0,44992,32767,5374196616,100,1,True,2019-03-02 20:00:39.000,90,60003466,10000002,30000142,0,
100000.0,10.0,44992,0,5419903839,10,1,True,2019-05-09 09:16:53.000,90,60003760,10000002,30000142,0,
44300.57,20000.0,44992,32767,5141580501,20000,1,True,2019-05-11 13:44:14.000,90,1022719559274,10000002,30000145,1,
44200.59,20000.0,44992,32767,5419791403,20000,1,True,2019-05-09 04:21:50.000,90,1030504022540,10000002,30000145,1,
44200.58,2000.0,44992,32767,5418986596,2000,1,True,2019-05-07 22:14:27.000,90,1030504022540,10000002,30000145,1,
42123.45,10000.0,44992,32767,5406026216,10000,1,True,2019-04-18 17:39:38.000,90,1026199596235,10000002,30000205,8,
41179.99,5.0,44992,-1,5402541443,5,1,True,2019-04-13 11:54:43.000,90,60003760,10000002,30000142,0,
40540.0,2500.0,44992,32767,5389150111,2500,1,True,2019-03-24 09:04:13.000,90,60003760,10000002,30000142,0,
5000.37,16312.0,44992,32767,5071396293,16312,1,True,2019-03-21 00:39:19.000,90,60003760,10000002,30000142,0,
4607.33,5028.0,44992,32767,5135344250,5028,1,True,2019-04-05 12:20:27.000,90,60001786,10000002,30000187,8,
4607.29,9743.0,44992,32767,5333245751,9743,1,True,2019-03-26 23:35:06.000,90,60003142,10000002,30000162,10,
4570.0,1000.0,44992,32767,5419939213,1000,1,True,2019-05-09 10:43:14.000,90,60003172,10000002,30000200,13,
4500.0,10000.0,44992,32767,5387745338,10000,1,True,2019-05-07 09:59:18.000,90,60003760,10000002,30000142,0,
4406.99,25000.0,44992,32767,5283118260,25000,1,True,2019-05-11 13:45:49.000,90,1026379510518,10000002,30000169,9,
4406.15,8090.0,44992,32767,5224043165,8090,1,True,2019-04-08 22:43:03.000,90,1022719559274,10000002,30000145,1,
4406.01,5000.0,44992,32767,5338191384,5000,1,True,2019-04-08 12:54:56.000,90,1022719559274,10000002,30000145,1,
4406.01,10000.0,44992,32767,5303522314,10000,1,True,2019-04-08 12:55:06.000,90,1026379510518,10000002,30000169,9,
4405.32,11433.0,44992,32767,5165857740,11433,1,True,2019-03-26 23:34:46.000,90,1022719559274,10000002,30000145,1,
4405.0,1000.0,44992,32767,5420573300,1000,1,True,2019-05-10 09:13:05.000,90,1030524644061,10000002,30000155,4,
4400.94,6676.0,44992,32767,5168430544,6676,1,True,2019-03-26 23:35:26.000,90,60015027,10000002,30030141,4,
4400.91,6528.0,44992,32767,5034265821,6528,1,True,2019-03-29 22:51:18.000,90,60003469,10000002,30000142,0,
4350.0,1000.0,44992,-1,5424278062,1000,1,True,2019-05-15 11:59:50.000,90,60003760,10000002,30000142,0,
4344.0,25000.0,44992,32767,5421499090,25000,1,True,2019-05-11 13:47:27.000,90,1030526423501,10000002,30010141,2,
4344.0,25000.0,44992,32767,5421499877,25000,1,True,2019-05-11 13:48:30.000,90,1029209158478,10000002,30000144,1,
4344.0,25000.0,44992,32767,5421500181,25000,1,True,2019-05-11 13:48:54.000,90,1029036975486,10000002,30000144,1,
4334.0,5000.0,44992,40,5393576682,5000,1,True,2019-03-31 02:24:18.000,90,60003760,10000002,30000142,0,
4324.0,25000.0,44992,32767,5421500982,25000,1,True,2019-05-11 13:49:59.000,90,1024321334725,10000002,30000202,10,
4324.0,25000.0,44992,32767,5421501709,25000,1,True,2019-05-11 13:51:02.000,90,1022179194562,10000002,30000128,5,
4316.99,24314.0,44992,1,5312729088,24314,1,True,2019-04-13 02:43:09.000,90,60003337,10000002,30000139,2,
4316.89,8763.0,44992,32767,5348427771,8763,1,True,2019-04-12 21:58:46.000,90,60003337,10000002,30000139,2,
4312.01,6007.0,44992,32767,5135332804,6007,1,True,2019-04-23 16:43:38.000,90,60014659,10000002,30000141,3,
4290.0,30000.0,44992,30,5413643289,30000,1,True,2019-04-30 07:45:40.000,90,60003760,10000002,30000142,0,
4260.52,20000.0,44992,32767,5423530906,20000,1,True,2019-05-14 05:43:01.000,90,1030553602778,10000002,30000145,1,
4139.99,1000.0,44992,40,5407810948,1000,1,True,2019-04-21 07:36:51.000,90,60003760,10000002,30000142,0,
4121.11,50000.0,44992,1,5395863814,50000,1,True,2019-04-26 07:30:01.000,90,1028858195912,10000002,30000144,1,
4111.11,1111111.0,44992,40,5371850855,1111111,1,True,2019-02-27 12:43:28.000,90,1028858195912,10000002,30000144,1,
4107.76,20000.0,44992,1,5310709662,20000,1,True,2019-04-08 12:55:27.000,90,60003337,10000002,30000139,2,
4009.29,6000.0,44992,32767,5390066859,6000,1,True,2019-03-27 07:28:39.000,90,1022719559274,10000002,30000145,1,
4007.35,2000.0,44992,1,5310709730,2000,1,True,2019-04-08 12:55:37.000,90,60001786,10000002,30000187,8,
4004.97,5258.0,44992,32767,5135331832,5258,1,True,2019-02-19 14:58:00.000,90,60003043,10000002,30000163,10,
4003.32,4735.0,44992,32767,5204524743,4735,1,True,2019-02-16 00:50:59.000,90,60015002,10000002,30021407,3,
4002.09,4280.0,44992,32767,5001368018,4280,1,True,2019-03-08 03:53:24.000,90,60003466,10000002,30000142,0,
4001.56,14285.0,44992,32767,5068908329,14285,1,True,2019-02-21 17:31:52.000,90,60003760,10000002,30000142,0,
4000.64,4716.0,44992,32767,5021691882,4716,1,True,2019-03-22 20:14:16.000,90,60003757,10000002,30000142,0,
4000.0,500.0,44992,-1,5422020881,500,1,True,2019-05-12 03:04:44.000,14,60003760,10000002,30000142,0,
3983.44,9847.0,44992,32767,5333244123,9847,1,True,2019-03-26 23:18:22.000,90,60000361,10000002,30000142,0,
3444.4,12012.0,44992,32767,5390479087,12012,1,True,2019-04-06 18:19:09.000,90,1026379510518,10000002,30000169,9,
3444.38,3082.0,44992,32767,5204525530,3857,1,True,2019-04-05 12:18:12.000,90,1026379510518,10000002,30000169,9,
3333.02,10000.0,44992,40,5090772301,10000,1,True,2019-03-09 08:11:20.000,90,60003760,10000002,30000142,0,
3313.0,1200.0,44992,0,5424872883,1200,500,True,2019-05-16 09:16:21.000,30,60012670,10000002,30000185,8,
3295.89,100000.0,44992,32767,4882240820,100000,1,True,2019-04-08 10:26:49.000,90,60003760,10000002,30000142,0,
2980.03,1000.0,44992,5,5089605443,1000,1,True,2019-03-09 08:11:03.000,90,60003760,10000002,30000142,0,
2222.0,11000.0,44992,40,5393420148,11000,1,True,2019-03-31 03:04:56.000,90,60003760,10000002,30000142,0,
1888.0,500.0,44992,40,5389329942,500,1,True,2019-03-24 14:18:46.000,90,60003760,10000002,30000142,0,
1212.0,2000.0,44992,10,5391217582,2000,1,True,2019-03-27 12:43:00.000,90,60003760,10000002,30000142,0,
1000.0,30000.0,44992,20,5391859777,30000,30000,True,2019-03-28 14:19:09.000,90,60003760,10000002,30000142,0,
1000.0,15000.0,44992,40,5393419624,15000,1,True,2019-03-30 23:02:03.000,90,60003760,10000002,30000142,0,
1000.0,100.0,44992,40,5394793904,100,1,True,2019-04-01 14:33:46.000,90,60003760,10000002,30000142,0,
1000.0,1000.0,44992,-1,5410572950,1000,1,True,2019-04-25 15:44:39.000,90,60003760,10000002,30000142,0,
420.0,1000.0,44992,32767,5399332578,1000,1,True,2019-04-08 06:43:17.000,90,1028858195912,10000002,30000144,1,
377.0,1.0,44992,32767,5379809651,1,1,True,2019-03-10 16:10:01.000,90,60003760,10000002,30000142,0,
250.0,2500.0,44992,-1,5382294641,2500,1,True,2019-03-14 08:07:17.000,90,60003760,10000002,30000142,0,
120.0,1000.0,44992,40,5383640381,1000,1,True,2019-03-16 09:44:26.000,90,60003760,10000002,30000142,0,
100.0,1.0,44992,-1,5403176194,1,1,True,2019-04-14 06:34:21.000,90,60003760,10000002,30000142,0,
100.0,500.0,44992,-1,5403299182,500,500,True,2019-04-14 10:24:23.000,90,60003760,10000002,30000142,0,
100.0,500.0,44992,-1,5407158511,500,1,True,2019-04-20 10:43:12.000,90,60003760,10000002,30000142,0,
100.0,500.0,44992,-1,5408640908,500,30,True,2019-04-22 12:13:31.000,90,60003760,10000002,30000142,0,
38.7,10000.0,44992,-1,5374636293,10000,1,True,2019-03-03 09:57:40.000,90,60003760,10000002,30000142,0,
10.0,100000.0,44992,-1,5382294419,100000,1,True,2019-03-14 08:06:21.000,90,60003760,10000002,30000142,0,
4.31,100000.0,44992,-1,5417959268,100000,1,True,2019-05-06 11:37:20.000,90,60006886,10000002,30000143,1,
4.0,100000.0,44992,-1,5367660539,100000,1,True,2019-02-21 04:41:02.000,90,60003760,10000002,30000142,0,
4.0,1.0,44992,-1,5389533626,1,1,True,2019-03-24 18:58:33.000,90,60003760,10000002,30000142,0,
4.0,500.0,44992,-1,5398855773,500,1,True,2019-04-07 15:27:28.000,90,60003760,10000002,30000142,0,
3.9,100000.0,44992,1,5351835669,100000,1,True,2019-04-17 16:52:05.000,90,60003466,10000002,30000142,0,
3.0,100000.0,44992,-1,5416852409,100000,1,True,2019-05-04 23:20:13.000,90,60003760,10000002,30000142,0,
2.0,100000.0,44992,-1,5408045507,100000,1,True,2019-04-21 14:58:54.000,90,60003760,10000002,30000142,0,
1.24,100000.0,44992,40,5090771540,100000,1,True,2019-03-09 08:11:28.000,90,60003760,10000002,30000142,0,
1.01,1.0,44992,-1,5422755671,1,1,True,2019-05-12 23:44:50.000,90,60000292,10000002,30000126,5,
1.0,500.0,44992,-1,5379977200,500,1,True,2019-03-10 19:39:28.000,90,60015027,10000002,30030141,4,
1.0,5000.0,44992,32767,5383030901,5000,1,True,2019-03-15 13:13:07.000,90,60003760,10000002,30000142,0,
1.0,5000.0,44992,32767,5388227534,5000,1,True,2019-03-23 03:51:28.000,90,60003760,10000002,30000142,0,
1.0,1.0,44992,-1,5388631036,1,1,True,2019-03-23 16:49:06.000,90,1028858195912,10000002,30000144,1,
1.0,1.0,44992,-1,5388635737,1,1,True,2019-03-23 16:55:14.000,90,1028858195912,10000002,30000144,1,
1.0,500.0,44992,40,5389353027,500,1,True,2019-03-24 14:53:19.000,90,60015027,10000002,30030141,4,
1.0,1.0,44992,-1,5392563332,1,1,True,2019-03-29 17:12:45.000,90,60003760,10000002,30000142,0,
1.0,10000.0,44992,-1,5398322777,10000,1,True,2019-04-06 22:24:03.000,90,60003760,10000002,30000142,0,
1.0,500.0,44992,40,5398857130,500,1,True,2019-04-07 15:29:01.000,90,60003760,10000002,30000142,0,
1.0,500.0,44992,32767,5401146807,500,1,True,2019-04-11 06:36:42.000,90,60003760,10000002,30000142,0,
1.0,500.0,44992,-1,5405069065,500,1,True,2019-04-17 01:44:31.000,90,60003760,10000002,30000142,0,
1.0,10000.0,44992,-1,5405157828,10000,1,True,2019-04-17 06:14:30.000,90,60003760,10000002,30000142,0,
1.0,100000.0,44992,-1,5405158334,100000,1,True,2019-04-17 06:16:01.000,90,60003760,10000002,30000142,0,
1.0,10000.0,44992,40,5405227456,10000,1,True,2019-04-17 09:30:25.000,90,60003760,10000002,30000142,0,
1.0,500.0,44992,-1,5406659639,500,1,True,2019-04-19 17:14:07.000,90,60003760,10000002,30000142,0,
1.0,1120.0,44992,-1,5414685256,1120,1,True,2019-05-01 21:37:09.000,90,60003760,10000002,30000142,0,
1.0,2000.0,44992,40,5420855274,2000,1,True,2019-05-10 17:37:50.000,90,60003760,10000002,30000142,0,
1.0,1.0,44992,1,5421515601,1,1,True,2019-05-11 14:09:50.000,30,1030524644061,10000002,30000155,4,
1.0,100000.0,44992,32767,5423369563,100000,1,True,2019-05-13 22:25:09.000,90,60003760,10000002,30000142,0,
0.02,15000000.0,44992,-1,5414735905,15000000,1,True,2019-05-01 23:36:58.000,90,60003760,10000002,30000142,0,
0.02,3000.0,44992,1,5379614764,3000,100,True,2019-05-11 22:02:33.000,90,1028858195912,10000002,30000144,1,
0.02,3500.0,44992,1,5386845862,3500,20,True,2019-05-11 22:02:46.000,90,1028858195912,10000002,30000144,1,
0.01,500.0,44992,-1,5371248779,500,1,True,2019-02-26 14:45:37.000,90,60003760,10000002,30000142,0,
0.01,501.0,44992,3,5371249494,501,1,True,2019-02-26 14:47:12.000,90,60003760,10000002,30000142,0,
0.01,1000000.0,44992,1,5374638169,1000000,1,True,2019-03-03 10:00:49.000,90,60003760,10000002,30000142,0,
0.01,10000.0,44992,-1,5378967118,10000,1,True,2019-03-09 16:11:33.000,90,60003760,10000002,30000142,0,
0.01,999999.0,44992,-1,5381363909,999999,999999,True,2019-03-12 21:04:11.000,90,60003760,10000002,30000142,0,
0.01,1120.0,44992,1,5383325023,1120,1,True,2019-03-15 21:39:57.000,90,1028858195912,10000002,30000144,1,
0.01,1120.0,44992,1,5383325120,1120,1,True,2019-03-15 21:40:08.000,90,1028858195912,10000002,30000144,1,
0.01,1120.0,44992,1,5383325270,1120,1,True,2019-03-15 21:40:19.000,90,1028858195912,10000002,30000144,1,
0.01,1120.0,44992,1,5383325433,1120,1,True,2019-03-15 21:40:27.000,90,1028858195912,10000002,30000144,1,
0.01,1120.0,44992,1,5383325497,1120,1,True,2019-03-15 21:40:35.000,90,1028858195912,10000002,30000144,1,
0.01,1120.0,44992,1,5383325589,1120,1,True,2019-03-15 21:40:43.000,90,1028858195912,10000002,30000144,1,
0.01,1120.0,44992,1,5383325717,1120,1,True,2019-03-15 21:40:51.000,90,1028858195912,10000002,30000144,1,
0.01,1120.0,44992,1,5383325836,1120,1,True,2019-03-15 21:41:04.000,90,1028858195912,10000002,30000144,1,
0.01,1120.0,44992,1,5383325901,1120,1,True,2019-03-15 21:41:14.000,90,1028858195912,10000002,30000144,1,
0.01,1120.0,44992,1,5383325946,1120,1,True,2019-03-15 21:41:23.000,90,1028858195912,10000002,30000144,1,
0.01,1120.0,44992,1,5383326078,1120,1,True,2019-03-15 21:41:32.000,90,1028858195912,10000002,30000144,1,
0.01,500.0,44992,-1,5391424860,500,1,True,2019-03-27 19:16:29.000,90,60003760,10000002,30000142,0,
0.01,1500.0,44992,-1,5395458448,1500,1,True,2019-04-02 15:43:39.000,90,60015027,10000002,30030141,4,
0.01,1515.0,44992,32767,5396902516,1515,1,True,2019-04-04 22:13:46.000,90,1028858195912,10000002,30000144,1,
0.01,1151.0,44992,32767,5396902866,1151,1,True,2019-04-04 22:14:21.000,90,1028858195912,10000002,30000144,1,
0.01,1120.0,44992,32767,5396903149,1120,1,True,2019-04-04 22:14:48.000,90,1028858195912,10000002,30000144,1,
0.01,500.0,44992,-1,5399887916,500,1,True,2019-04-09 03:03:37.000,90,60003760,10000002,30000142,0,
0.01,1000.0,44992,5,5382412144,1000,1,True,2019-04-10 23:44:30.000,90,1028858195912,10000002,30000144,1,
0.01,500.0,44992,40,5402391001,500,1,True,2019-04-13 06:32:42.000,90,60003460,10000002,30000142,0,
0.01,100000.0,44992,0,5407585764,100000,1,True,2019-04-20 22:33:53.000,90,60003760,10000002,30000142,0,
0.01,100000000.0,44992,32767,5410022290,100000000,1,True,2019-04-24 17:03:51.000,90,60003760,10000002,30000142,0,
0.01,100000000.0,44992,-1,5410422808,100000000,1,True,2019-04-25 09:54:14.000,90,60003760,10000002,30000142,0,
0.01,1000000.0,44992,40,5410423117,1000000,1,True,2019-04-25 09:55:11.000,90,60003760,10000002,30000142,0,
0.01,10000.0,44992,40,5413069139,10000,1,True,2019-04-29 08:12:31.000,90,60003760,10000002,30000142,0,
0.01,3000000.0,44992,30,5413642083,3000000,1,True,2019-04-30 07:42:46.000,90,60003760,10000002,30000142,0,
0.01,9999901.0,44992,32767,5418986310,9999901,1,True,2019-05-07 22:13:37.000,90,1030504022540,10000002,30000145,1,
0.01,10000.0,44992,1,5419792637,10000,1,True,2019-05-09 04:25:40.000,90,1030504022540,10000002,30000145,1,
0.01,976753.0,44992,32767,5420575254,976753,1,True,2019-05-10 09:16:48.000,90,1030524644061,10000002,30000155,4,
0.01,100000000.0,44992,40,5420830703,100000000,1,True,2019-05-10 17:03:34.000,90,60003760,10000002,30000142,0,
0.01,10000000.0,44992,40,5420861033,10000000,1,True,2019-05-10 17:46:34.000,90,60003760,10000002,30000142,0,
0.01,1000.0,44992,32767,5421266889,1000,1,True,2019-05-11 06:57:13.000,90,1030524644061,10000002,30000155,4,
0.01,1000000.0,44992,32767,5423369827,1000000,1,True,2019-05-13 22:25:55.000,90,60003760,10000002,30000142,0,
0.01,10000.0,44992,1,5423531036,10000,20,True,2019-05-14 05:43:25.000,90,1030553602778,10000002,30000145,1,
0.01,1000.0,44992,32767,5423624341,1000,1,True,2019-05-14 10:05:13.000,90,1030553602778,10000002,30000145,1,
0.01,1000.0,44992,1,5423624437,1000,1,True,2019-05-14 10:05:32.000,90,1030553602778,10000002,30000145,1,
0.01,2000.0,44992,1,5423624479,2000,1,True,2019-05-14 10:05:43.000,90,1030553602778,10000002,30000145,1,
0.01,1.0,44992,0,5424820042,1,1,True,2019-05-16 06:43:49.000,90,60003760,10000002,30000142,0,
